1 87 74 69 91 87 86 72 89 85 97 88 
2 78 67 76 84 72 68 91 81 73 54 60 
3 64 51 78 67 81 79 87 69 71 58 76 
4 90 95 97 93 99 87 100 92 94 82 98 
5 79 67 89 67 97 81 72 87 63 92 81 
6 67 89 100 87 91 76 93 95 87 93 90 
7 81 64 57 93 82 76 94 81 94 73 88 
8 64 78 91 77 90 64 82 76 98 57 82 
9 99 87 95 86 95 78 92 97 98 89 90 
10 97 90 98 97 92 93 82 97 93 94 90 
11 78 79 68 89 84 89 87 81 72 73 60 
12 74 76 79 72 71 73 78 80 84 86 73 
13 81 82 89 87 89 85 84 86 91 78 90 
14 67 89 84 86 91 65 76 91 84 83 75 
15 91 90 93 94 96 70 78 76 74 80 89 
16 90 91 97 79 98 100 98 91 76 90 99 
17 67 89 66 89 91 93 69 78 72 89 90 
18 100 100 100 89 97 64 59 97 98 99 82 
19 97 87 83 80 81 83 79 76 84 91 93 
20 87 89 81 83 79 76 71 76 91 72 85 
21 54 67 62 57 78 81 76 68 52 67 61
22 69 79 86 50 73 43 60 89 67 78 68
23 48 67 48 62 51 67 48 68 50 67 50
24 60 60 67 51 30 67 65 62 60 37 60
25 67 48 67 49 60 69 60 60 73 60 61