Xander Bogaerts BOS .288 3 2 3 0 2 0 1 2 1 3 1 3 0 1 1 0 1 1 0 3 1 1 1 0 0 2 1 2 1 0 0 1 0 1 1 0 1 2 1 1 1 0 2 1 3 0 1 1 0 2 1 0 2 1 0 2 1 1 2 1 1 1 1 1 0 2 0 0 2 1 1 2 0 1 3 1 1 2 1 1 0 2 1 0 2 0 1 0 1 0 1 1 1 0 1 3 0 1 1 3 0 1 2 1 2 1 3 1 0 2 1 0 1 0 2 1 1 1 3 4 0 1 2 0 1 1 0 0 1 1 2 2 0 2 | 
Eddie Rosario MIN .288 1 0 1 1 0 1 2 0 1 1 1 2 1 2 1 1 0 0 0 2 2 0 1 2 2 1 1 4 2 2 2 0 2 2 0 0 1 3 1 1 1 1 0 3 0 2 2 1 3 2 2 1 1 3 0 2 0 2 2 2 0 1 1 1 2 4 1 0 2 0 2 2 0 0 1 2 2 1 1 1 0 1 2 0 0 1 1 1 2 2 3 3 1 2 0 0 2 3 0 2 0 1 0 0 0 2 10 0 4 1 1 0 1 1 1 1 1 1 1 0 2 0 1 2 0 1 3 1 2 0 0 0 1 1 2 1|
Jose Peraza CIN .288 0 0 0 1 2 2 0 1 1 2 3 0 0 1 1 0 1 1 1 0 2 3 1 1 4 1 3 0 2 1 2 1 1 0 1 1 0 1 1 1 1 0 2 0 0 0 0 1 1 0 0 1 2 2 2 3 1 1 1 1 1 1 2 0 1 2 2 0 2 1 0 1 1 1 0 2 2 2 1 1 2 0 2 1 2 0 2 0 1 1 3 5 3 1 1 2 0 1 0 2 1 2 0 0 0 1 3 1 0 1 1 1 2 1 2 1 0 3 2 2 3 0 2 2 0 1 0 4 0 0 1 1 0 0 2 3 2 1 2 2 2 1 1 2 1 0 2 0 1 1 1 2 2 1 0 0 |
Alex Bregman HOU .286 1 0 0 1 1 1 1 0 2 0 0 1 4 0 2 0 0 1 2 2 2 2 0 2 1 0 2 0 0 0 1 1 1 1 1 2 1 1 0 1 2 0 1 1 1 1 2 2 1 2 1 0 1 1 1 0 1 1 1 1 2 2 1 1 1 1 0 1 2 2 1 1 1 0 1 0 2 4 3 1 1 1 1 2 1 1 1 3 0 1 2 2 1 2 1 1 0 0 1 2 0 0 1 0 1 3 1 0 0 1 1 1 1 2 1 2 0 1 1 0 3 1 1 2 1 2 1 4 2 2 1 0 1 2 1 3 2 2 1 1 0 0 2 0 1 0 0 0 0 1 1 1 1 2 1 0 0 |
Mitch Haniger SEA .285 3 1 1 1 1 0 1 0 1 0 2 2 0 0 0 1 1 3 1 3 2 1 0 0 2 0 3 0 1 1 1 1 1 0 1 2 0 2 1 0 3 1 1 1 1 2 0 0 1 0 0 1 1 1 0 1 2 0 0 2 2 1 1 0 0 2 2 1 1 1 0 0 1 0 2 2 0 2 1 3 0 1 3 0 0 1 2 0 2 1 0 1 0 2 1 0 0 1 0 0 0 1 0 1 1 2 2 1 0 2 0 2 4 2 0 3 3 1 1 0 1 1 2 1 1 3 1 2 1 1 2 1 1 1 1 1 1 0 1 0 1 2 2 2 2 2 1 1 2 1 3 0 2 0 1 2 1 |
Joey Votto CIN .284 1 1 1 0 0 2 2 0 2 0 3 1 0 0 2 1 1 0 0 1 1 1 2 1 3 0 1 0 1 0 1 2 4 0 0 1 2 1 2 1 1 0 1 0 1 0 2 0 1 2 1 2 1 2 3 0 1 3 3 2 0 2 2 1 0 1 0 2 1 0 0 2 1 3 1 0 0 0 1 1 2 0 0 2 1 2 0 1 1 1 0 2 1 0 0 0 1 0 2 0 3 2 1 1 0 2 0 0 2 1 1 0 1 0 0 0 2 1 0 1 1 2 0 1 1 1 1 1 2 1 3 0 3 0 0 0 1 2 1 2 0 0 |
Eugenio Suarez CIN .283 0 2 0 1 1 1 3 0 0 4 0 2 2 1 0 1 0 0 2 3 1 0 1 1 2 0 2 0 1 0 0 2 1 1 2 0 0 4 1 3 1 0 1 2 2 0 2 1 1 1 1 1 1 1 1 1 1 3 3 0 1 0 1 2 1 2 1 1 1 2 1 2 2 1 2 0 3 1 0 2 0 0 1 1 1 1 1 0 0 1 2 1 1 2 2 1 1 1 1 0 2 1 0 0  1 1 2 1 1 0 1 2 0 2 1 1 2 1 0 1 0 0 1 2 0 1 2 0 1 0 0 0 0 0 2 1 1 1 0 0 3 1 0 |
Anthony Rizzo CHC .283 1 0 1 1 0 0 0 3 0 0 1 2 1 0 1 0 0 0 1 2 1 2 0 2 3 1 1 0 0 0 0 3 1 1 1 1 1 1 1 1 3 2 0 1 1 3 2 1 1 0 0 1 1 0 0 3 1 0 1 1 1 0 0 0 1 1 0 0 4 2 2 1 1 0 2 0 0 0 0 3 1 2 2 0 1 4 2 1 0 0 3 2 1 1 0 0 1 3 2 1 0 2 1 0 1 1 0 2 1 2 0 1 2 1 2 0 2 2 3 4 1 0 0 1 2 3 0 2 2 0 0 0 0 0 2 0 1 1 1 0 2 0 2 1 1 2 0 1 1 4 |
Joe Mauer MIN .282 1 2 1 1 1 2 1 2 1 2 0 2 0 0 1 0 0 2 1 0 1 1 1 1 2 1 1 2 0 0 1 1 2 1 1 1 2 0 0 2 1 0 0 1 2 0 0 0 0 3 2 0 1 0 1 0 2 1 3 1 3 1 2 0 1 2 3 0 3 0 3 1 0 2 0 0 1 1 1 1 0 1 1 0 2 0 2 0 2 1 3 0 0 2 1 1 2 1 2 1 0 2 2 2 0 0 0 0 1 0 2 2 0 2 1 1 2 0 1 2 2 1 1 2 2 2 1 |
Adam Jones BAL .281 1 0 0 2 3 0 2 1 0 3 1 0 0 1 1 0 2 0 3 1 0 1 1 2 3 0 0 0 1 0 1 3 1 1 1 3 1 1 1 1 1 0 2 1 3 1 1 0 3 3 0 2 2 1 0 3 1 2 0 1 2 0 2 2 1 3 2 1 2 0 1 2 1 0 1 1 1 1 1 0 2 1 0 1 1 0 2 0 0 1 0 2 1 2 1 1 1 3 1 3 1 1 0 1 1 1 1 3 2 0 0 2 1 0 1 0 2 0 0 1 4 2 1 2 0 0 3 2 0 0 1 2 0 2 1 1 0 0 0 3 1 1 2 0 |
Marcell Ozuna STL .280 0 0 3 1 1 2 1 3 1 2 1 1 1 2 0 0 0 0 1 0 1 2 3 1 0 1 0 3 1 1 0 0 2 2 1 2 0 0 0 0 0 2 3 2 2 1 1 0 2 2 1 3 0 1 1 1 2 2 1 2 2 1 2 0 0 1 0 1 1 2 2 2 1 1 0 1 0 0 1 2 0 1 1 1 0 1 0 1 2 1 0 1 0 0 1 1 2 3 1 1 0 3 0 1 0 1 3 2 1 0 2 2 2 1 1 0 1 1 1 2 2 0 0 2 4 2 1 1 2 1 1 2 0 0 3 1 1 1 1 0 0 1 3 0 2 1 |
x