Nicholas Castellanos DET .298 2 1 2 2 0 3 1 0 1 0 0 2 2 0 2 0 1 0 3 3 4 1 1 1 1 0 1 1 0 3 0 3 0 3 1 2 1 0 2 1 0 2 2 2 2 3 0 1 1 1 3 3 3 2 0 2 0 2 1 1 1 1 0 0 0 0 1 3 1 0 0 1 0 2 2 2 1 2 0 2 2 1 1 1 0 0 1 3 1 1 1 2 0 1 1 1 0 1 0 1 0 0 0 0 2 0 1 1 2 1 0 1 5 0 2 2 1 0 1 0 3 2 2 0 2 0 0 1 1 2 3 0 0 3 1 1 2 2 0 1 2 0 0 3 1 2 2 2 3 0 1 0 0 1 2 1 |
Manny Machado BAL/LAD .297 2 0 1 0 2 1 0 4 1 2 2 0 2 1 1 1 1 2 3 1 1 3 1 0 2 2 2 1 2 0 2 1 1 0 1 1 2 2 1 0 3 0 1 3 1 1 1 0 0 3 0 1 1 1 2 1 2 1 1 0 1 0 0 1 1 0 1 2 2 0 1 1 2 1 0 2 0 2 1 2 2 2 1 0 1 2 1 2 1 0 3 1 2 0 1 1 2 1 2 1 0 1 1 2 2 1 1 0 0 1 0 1 3 1 1 2 0 1 0 0 1 3 2 0 1 1 3 0 0 2 1 2 1 2 0 0 0 2 2 2 0 1 2 1 0 3 0 1 0 1 2 0 1 1 2 1 1 1 1 2 2 |
Nick Markakis ATL .297 1 1 2 0 3 1 1 1 2 1 0 0 2 2 0 0 2 2 1 0 3 2 1 1 1 1 1 2 3 3 2 3 0 0 2 2 2 2 1 2 0 0 3 1 2 1 1 2 1 2 0 1 2 1 0 1 1 1 1 2 2 0 1 2 1 3 0 0 1 0 3 0 1 2 2 2 2 0 1 0 2 0 2 2 0 0 3 1 1 2 1 2 1 1 1 1 1 0 0 2 0 3 0 2 0 1 0 4 2 2 1 2 2 1 2 1 1 1 0 0 1 1 1 1 0 0 2 0 1 1 1 1 0 0 1 0 1 1 2 4 2 1 0 0 2 0 2 0 2 1 1 0 1 1 0 0 2 0 0 0 1 0 |
Miguel Andujar NYY .297 0 0 0 1 2 0 0 2 2 2 1 2 4 2 0 1 0 2 3 0 0 1 0 2 2 0 0 1 1 1 1 2 2 1 0 1 3 1 2 1 2 0 1 2 0 2 1 2 2 1 0 2 2 0 1 1 0 0 0 2 1 1 1 0 1 0 0 1 3 0 2 1 1 1 1 0 1 1 1 1 2 1 1 0 2 3 2 2 2 1 0 1 1 1 2 0 1 1 1 0 3 0 2 2 2 0 1 2 2 0 2 3 1 1 0 2 2 2 3 0 1 1 1 1 0 3 0 0 0 2 2 1 2 1 1 1 0 0 2 0 2 2 1 1 0 2 1 2 1 |
Nolan Arenado COL .297 2 2 0 0 1 1 0 2 2 2 0 2 0 1 0 3 2 2 2 0 1 0 0 1 1 1 3 2 1 0 1 2 0 1 2 1 3 0 2 2 1 3 0 1 0 1 1 2 0 2 1 2 2 2 1 1 2 1 0 0 0 0 3 0 2 0 3 2 2 3 0 1 0 0 1 2 0 1 2 2 1 1 0 1 2 2 1 0 2 2 3 0 0 1 0 2 1 0 2 1 2 1 0 0 3 1 1 0 3 0 0 1 2 2 1 2 1 1 1 0 2 2 1 0 0 1 0 2 1 1 0 0 0 1 0 2 3 2 0 1 0 2 0 1 1 0 1 2 2 2 1 1 1 2 |
Mallex Smith SEA .296 1 1 1 0 0 0 4 2 0 1 2 2 4 0 1 1 1 0 1 2 0 2 0 1 1 2 0 1 0 0 3 0 1 1 0 3 1 0 0 1 1 1 1 2 0 0 0 1 0 0 0 0 2 2 3 1 2 1 2 0 1 0 0 0 0 1 1 1 0 0 0 2 2 1 0 1 1 0 3 2 2 1 1 1 0 1 0 1 1 3 2 0 1 0 4 1 1 1 1 1 0 0 3 2 2 0 2 2 2 3 1 1 0 1 2 3 1 0 1 2 1 0 2 1 1 1 2 0 0 0 1 0 3 2 1 |
Matt Duffy TB .294 1 0 3 2 0 1 0 2 2 1 0 1 1 1 1 1 4 2 0 0 3 0 2 0 2 2 1 3 1 0 3 0 0 2 2 0 0 3 1 3 0 0 1 1 2 2 2 1 2 0 1 2 0 1 3 0 2 2 1 1 1 1 1 1 3 1 0 2 0 0 1 0 2 1 2 0 2 3 1 0 1 0 0 0 1 1 3 2 1 0 1 1 2 1 2 0 0 0 1 0 0 1 1 0 2 2 1 2 3 2 0 0 2 2 1 0 0 2 1 1 1 1 2 2 2 1 0 0 0 |
David Peralta ARI .293 3 0 1 1 2 2 0 2 1 2 1 2 1 3 1 0 0 2 0 2 0 3 0 0 0 1 0 0 2 1 1 2 2 1 1 0 1 0 0 0 1 1 1 1 2 1 0 0 1 2 1 2 0 1 0 3 4 1 1 1 2 2 0 1 1 1 1 1 2 1 0 3 0 0 1 2 1 2 1 2 0 5 0 1 1 0 1 0 4 0 1 1 2 1 2 0 0 4 3 1 0 4 2 4 0 1 1 1 0 1 0 2 3 2 1 1 1 0 1 1 1 0 0 0 1 0 3 1 1 1 1 1 0 3 0 2 0 0 2 0 2 1 1 1 0 |
Andrelton Simmons LAA .292 1 2 1 3 2 1 1 3 0 1 2 2 0 2 0 0 0 0 1 0 1 3 1 1 1 1 2 2 3 4 1 1 0 3 1 1 0 1 2 1 1 1 0 1 0 2 2 1 1 2 2 1 1 2 1 1 0 0 0 1 0 1 0 1 2 1 1 3 1 4 1 0 1 1 1 1 0 0 3 1 1 2 2 1 0 0 2 0 1 2 2 0 1 1 2 0 1 1 2 2 2 2 0 0 0 0 2 1 1 0 1 2 0 1 1 0 0 2 3 2 0 1 0 1 2 2 2 0 0 3 1 2 0 1 3 0 0 2 2 0 1 0 0 1 |
Trevor Story COL .291 1 0 0 1 1 1 0 1 1 2 1 1 0 0 1 0 0 2 2 1 0 1 3 1 1 0 1 1 0 0 0 2 1 0 0 2 0 1 1 3 0 0 1 2 2 1 3 0 0 1 0 1 1 2 1 1 0 3 1 0 1 1 2 3 2 2 3 1 2 0 2 0 2 0 1 1 1 1 2 0 3 2 1 2 0 2 2 2 2 2 2 1 2 2 1 1 1 1 0 1 0 1 2 0 2 1 0 1 2 1 1 1 2 1 1 1 1 2 1 0 3 2 1 0 2 2 1 0 0 1 2 0 2 2 2 2 1 3 1 0 0 1 1 0 2 0 1 0 0 2 0 3 1 0 1 2 |
Charlie Blackman COL .291 0 1 2 3 0 2 2 0 0 1 1 2 2 1 0 1 0 3 0 2 1 0 1 1 1 1 1 2 1 1 0 1 0 3 0 1 1 0 1 2 1 0 1 1 2 2 2 1 1 2 2 2 2 3 0 2 1 1 1 1 2 0 1 0 1 0 2 1 2 2 1 1 0 1 0 0 1 0 1 3 1 3 0 1 2 3 0 2 2 2 2 1 1 1 1 2 1 2 1 1 0 0 1 0 0 2 2 0 1 0 1 1 0 0 3 1 0 2 2 1 2 1 0 2 0 2 1 3 2 3 0 0 1 3 3 1 1 1 1 1 1 1 1 1 1 2 1 1 2 0 1 1 0 4 |
Yuli Gurriel HOU .291 1 2 0 0 2 1 2 1 1 1 0 0 0 1 1 2 1 1 4 1 1 1 2 1 0 1 2 0 1 0 2 1 2 2 0 2 2 1 1 2 1 1 2 2 1 1 1 0 0 2 4 2 3 1 0 2 2 0 1 0 2 3 2 0 0 0 1 2 2 2 2 1 2 1 1 2 1 1 1 0 0 1 0 1 0 0 1 1 1 1 3 0 0 1 0 0 1 1 1 2 0 1 1 1 1 2 1 2 1 0 0 0 1 0 1 1 1 2 1 1 2 0 1 2 1 1 1 2 3 3 2 2 2 1 2 0 |
Javier Baez CHC .290 0 0 1 0 1 1 1 0 0 2 2 0 0 1 3 2 4 1 2 2 2 1 1 1 0 0 1 2 1 2 1 1 1 0 2 1 0 0 1 1 0 3 2 0 0 1 2 2 0 2 1 0 1 1 0 0 0 0 0 2 0 2 1 0 1 1 3 1 1 0 2 0 4 2 3 0 2 3 0 1 1 4 2 0 1 1 2 2 1 0 1 3 0 1 2 1 0 0 2 1 1 3 2 0 2 1 2 2 1 0 0 0 0 1 2 1 0 0 2 2 2 3 1 2 1 2 1 0 2 3 2 1 0 1 1 0 1 0 1 0 3 1 1 0 1 2 0 0 2 1 1 2 1 1 0 0 2 |
Andrew Benitendi BOS .290 0 0 0 1 2 1 0 1 2 2 0 2 3 0 2 1 0 0 0 0 2 0 3 0 1 3 0 0 3 0 1 1 1 1 3 1 1 3 2 0 1 2 3 0 0 0 3 1 3 1 2 2 0 1 2 1 2 2 1 0 1 2 1 2 0 0 0 3 0 0 2 2 1 0 1 1 0 1 1 1 0 1 2 2 4 2 2 2 0 2 2 1 2 0 0 0 2 2 0 1 3 1 1 3 1 2 1 1 1 0 0 1 1 2 1 1 2 1 0 1 0 1 0 1 1 0 2 3 1 2 2 1 0 0 0 2 0 0 0 2 1 0 2 3 2 2 |
Paul Goldschmidt ARI .290 0 0 0 1 0 0 1 1 0 1 2 2 1 3 1 0 2 1 0 2 2 1 0 3 1 0 1 1 0 0 0 0 0 0 1 1 0 1 0 0 1 1 0 0 1 1 0 0 1 2 0 1 2 1 1 1 0 1 3 4 3 3 2 1 2 1 1 3 0 2 1 1 1 1 1 1 1 0 3 1 0 1 4 2 0 0 2 2 3 1 1 2 1 0 1 0 1 0 2 1 2 0 1 2 2 0 1 0 1 2 0 1 2 1 2 1 3 2 2 1 2 4 1 1 3 0 1 1 0 1 0 2 2 1 2 1 1 3 2 0 1 1 1 2 0 2 1 1 1 0 1 0 0 0 0 1 1 1 |
Matt Kemp LAD .290 1 0 1 1 0 1 0 2 2 3 1 0 0 2 1 2 0 0 1 1 1 0 1 0 1 1 0 1 2 1 3 3 3 0 0 0 1 1 0 0 3 0 1 2 2 2 0 3 1 1 1 2 2 0 1 2 1 1 3 1 1 0 1 0 1 1 2 0 0 0 0 1 1 0 0 0 0 1 0 3 5 0 2 0 1 0 0 2 1 1 1 0 1 2 3 2 0 0 0 0 0 0 0 0 1 0 0 0 1 1 0 0 0 0 2 2 1 1 1 0 0 1 2 0 2 1 1 0 1 0 2 1 2 1 0 0 1 1 0 3 0 1 0 1 3 |
x

