Mookie Betts BOS .346 1 0 1 2 2 1 2 1 2 4 1 0 1 0 3 2 2 1 0 0 2 0 2 1 0 4 2 1 0 1 2 0 3 0 3 2 2 0 2 3 3 1 1 2 0 1 1 1 1 1 0 2 1 0 0 2 3 1 0 1 1 1 2 2 0 1 1 2 1 4 1 2 2 2 2 3 3 0 0 2 1 1 2 0 1 2 1 0 0 4 1 0 2 1 1 4 3 1 2 1 1 1 1 0 0 2 0 1 2 0 0 1 1 3 2 1 2 0 1 0 0 3 2 2 0 1 1 0 0 0 4 4 2 2 1 1 |
J.D Martinez BOS .330 0 0 2 1 1 2 1 0 1 2 0 2 3 0 1 4 3 0 0 0 1 2 2 0 4 2 1 2 2 1 2 2 1 2 1 1 0 2 2 1 1 1 2 0 2 1 0 0 1 0 1 2 1 0 1 2 0 2 1 0 2 1 0 1 1 2 2 0 1 2 0 2 4 2 1 2 2 0 0 3 0 2 2 2 2 2 1 1 1 2 1 0 0 0 1 2 1 1 2 2 0 1 3 1 1 1 3 3 1 2 0 2 2 1 1 1 1 0 2 1 2 1 3 2 2 1 1 0 2 2 1 1 1 0 1 1 0 2 1 0 1 3 1 0 1 0 3 1 0 2 |
Christian Yelich MIL .326 1 1 5 0 3 0 1 1 1 0 1 1 1 0 0 0 1 2 1 2 1 2 0 3 1 1 1 0 2 2 1 1 2 1 0 1 0 1 1 2 3 3 2 0 2 0 1 0 1 2 2 3 1 1 1 0 1 0 1 1 1 1 0 0 1 2 1 0 1 1 0 0 2 2 3 1 1 0 2 1 3 3 2 2 1 3 2 3 2 2 2 1 2 0 3 1 3 2 0 1 0 0 0 1 1 1 2 1 1 1 1 4 1 1 0 2 6 0 2 1 1 1 1 1 0 2 1 1 0 1 1 2 0 4 1 2 2 1 2 1 2 1 2 0 |
Jose Altuve HOU .316 0 2 4 3 1 1 1 1 1 0 1 2 1 1 1 1 0 1 2 3 1 2 1 2 0 1 1 4 1 1 1 1 0 2 0 1 2 1 3 0 0 0 1 2 1 1 2 2 2 0 0 2 4 4 1 2 2 2 0 1 1 2 1 3 2 1 2 0 1 2 1 1 1 3 0 3 1 1 1 1 1 1 1 0 2 0 0 1 1 3 2 1 1 1 1 1 2 1 0 1 0 1 2 1 0 2 2 2 1 2 0 1 2 0 0 0 0 1 1 1 2 1 2 0 2 2 0 0 0 1 3 1 3 0 1 1 1 |
Mike Trout LAA .312 0 1 3 2 0 1 0 0 0 2 1 2 0 3 1 1 1 2 0 2 3 1 1 1 0 1 1 0 0 1 2 3 3 3 0 2 0 1 0 0 0 0 0 0 1 2 0 0 1 1 1 5 0 1 1 1 1 2 3 0 3 1 0 0 1 0 2 3 2 3 1 2 2 1 0 0 1 1 1 1 1 0 1 0 0 0 1 1 0 3 1 2 1 1 1 1 0 0 0 2 0 3 1 1 1 1 2 0 2 2 0 2 0 1 0 0 1 1 0 1 5 2 2 1 0 2 0 2 2 0 1 1 1 0 1 0 2 0 0 |
Scooter Gennett CIN .310 4 2 1 1 1 0 0 0 2 1 2 1 1 3 0 1 0 0 1 2 0 1 3 1 0 3 1 2 0 0 0 0 0 1 2 1 3 4 3 0 2 2 1 2 0 0 2 2 0 1 5 2 3 1 0 1 1 2 2 1 2 1 1 1 2 0 1 1 2 1 1 1 1 1 2 2 0 0 3 2 1 1 0 2 0 0 1 3 1 2 1 0 0 0 0 0 3 1 1 1 2 0 0 2 0 0 1 1 3 1 1 0 0 1 0 2 3 3 2 0 2 0 1 2 1 0 3 2 0 3 2 2 2 1 0 0 4 2 1 1 0 0 1 0 1 2 0 1 1 1 0 0 |
Freddie Freeman ATL .309 1 0 2 1 2 2 1 1 1 0 0 2 1 2 0 0 1 2 0 2 1 2 2 3 2 1 0 2 3 0 1 0 1 1 0 5 0 3 1 0 0 2 0 1 3 1 2 1 1 2 1 2 2 1 2 1 2 1 1 0 4 1 1 3 1 1 2 1 1 1 0 1 1 2 0 1 0 1 0 1 1 1 0 1 0 0 1 3 3 0 2 2 1 1 2 1 2 2 2 0 0 1 1 3 1 1 2 1 1 1 1 3 1 1 2 0 2 2 2 1 0 1 2 1 1 0 0 1 1 0 0 1 2 0 1 0 1 1 1 1 0 2 2 2 0 2 0 0 1 2 3 3 2 1 1 0 1 0 0 4 0 0 |
Michael Brantley CLE .309 1 0 1 0 2 2 3 2 2 1 2 0 1 1 3 2 1 0 1 2 4 1 0 0 0 1 2 3 1 1 1 3 1 1 1 2 2 1 2 1 2 1 3 1 0 0 0 1 1 2 1 2 0 1 1 3 0 1 2 2 1 0 1 0 3 0 1 1 0 1 2 1 1 1 2 2 0 2 0 2 1 2 1 1 0 1 1 1 0 1 2 2 1 0 0 1 1 0 2 2 0 1 0 3 1 3 1 1 1 0 2 2 2 0 2 0 2 3 0 2 1 2 1 1 1 0 2 2 2 1 0 2 1 0 3 2 3 1 1 1 1 1 1 |
Anthony Rendon WAS .308 1 1 1 1 1 1 3 0 2 2 1 1 0 1 0 1 2 1 2 0 1 0 2 0 0 0 1 1 1 3 0 2 2 0 1 2 0 0 1 0 4 1 1 0 0 0 3 0 2 2 2 2 1 1 2 2 1 0 1 3 2 1 1 1 1 0 0 1 1 1 1 3 1 1 1 1 2 2 1 0 3 1 1 0 3 1 1 0 3 2 0 2 1 1 2 2 0 0 1 1 1 1 1 3 1 3 1 1 0 0 1 1 3 2 1 2 1 0 2 0 1 2 3 3 2 1 1 1 2 2 3 0 2 1 0 |
Lorenzo Cain MIL .308 3 2 3 1 0 0 0 1 0 2 1 1 1 0 1 1 3 1 1 1 2 0 1 1 1 0 1 0 0 2 0 1 2 2 3 1 0 0 1 1 0 1 2 2 1 1 3 2 0 0 1 0 1 0 2 2 2 1 2 2 0 2 2 1 1 0 2 2 0 0 1 3 2 0 1 2 2 0 0 1 2 0 4 0 0 4 0 1 1 3 1 0 0 0 2 2 2 0 2 4 2 0 1 1 1 2 1 3 2 1 1 1 3 2 0 1 2 1 1 1 0 1 4 1 3 1 1 0 0 0 0 2 3 1 1 1 1 1 | 
Ben Zobrist CHC .305 3 1 0 2 0 1 2 0 2 0 0 3 1 1 0 0 1 2 1 2 0 3 0 1 1 0 1 0 2 1 1 2 0 0 2 0 3 3 2 1 0 0 1 1 0 1 0 0 0 2 0 1 0 1 2 2 0 1 3 0 1 2 0 1 2 0 2 0 1 1 0 0 1 1 4 0 0 1 1 2 4 1 3 0 1 2 2 1 0 1 0 1 0 1 2 0 1 1 2 0 3 2 2 1 2 0 1 0 0 3 2 1 0 2 0 1 0 3 0 0 2 1 0 0 2 3 0 1 1 1 1 1 |
Jose Martinez STL .305 3 2 0 0 3 0 0 2 0 0 1 1 1 2 1 1 0 1 3 0 1 1 1 1 1 1 0 0 2 2 0 1 1 0 3 1 0 2 3 4 0 1 1 1 1 0 3 1 0 0 0 0 1 1 2 3 2 2 1 2 3 0 1 0 1 1 0 0 0 1 1 2 2 0 1 1 0 1 0 0 0 1 3 3 1 0 0 0 1 0 1 0 1 1 1 1 1 0 0 0 1 1 0 2 2 0 0 1 3 2 1 4 1 1 1 2 0 2 1 0 2 1 2 2 1 2 2 0 1 0 0 3 0 0 1 2 1 0 1 0 1 2 2 1 0 2 2 2 1 1 0 2 |
Whit Merrifield KC .304 1 0 1 1 2 0 1 2 2 1 0 1 1 1 0 1 3 1 1 1 0 1 2 0 0 2 3 1 0 1 0 2 2 1 2 2 1 1 3 2 1 3 1 0 0 0 0 2 2 1 1 1 1 3 1 0 1 0 2 0 1 1 2 2 2 0 2 0 1 0 0 1 0 2 0 2 2 3 1 1 1 1 2 2 5 1 2 0 2 2 1 1 1 0 0 1 2 2 1 1 0 1 1 1 3 1 4 0 1 0 0 0 1 3 1 1 2 2 1 2 1 1 1 3 0 2 2 2 1 2 2 2 0 0 0 1 2 0 1 2 1 1 1 2 1 1 1 1 3 1 2 1 1 1 2 1 2 1 |
Jean Segura SEA .304 0 1 2 3 1 2 2 0 3 0 2 2 0 0 1 0 1 3 1 1 1 0 2 1 1 3 1 0 2 0 1 3 0 0 3 4 0 2 2 3 0 1 2 2 2 1 0 3 1 3 3 2 2 1 1 0 2 3 2 1 2 0 3 1 3 0 2 1 0 0 1 0 3 2 1 2 1 1 1 0 2 1 2 0 1 1 0 1 1 1 1 1 1 1 1 0 1 1 1 2 0 0 1 0 2 0 1 3 0 1 2 4 0 4 2 2 0 1 2 0 2 2 3 1 0 0 1 1 0 0 1 1 0 0 2 1 0 1 1 2 1 0 0 3 |
Joey Wendle TB .300 0 0 0 2 0 1 2 12 1 0 0 1 0 0 1 1 3 2 3 2 2 0 0 0 0 0 0 2 3 1 0 1 1 1 2 0 1 1 1 1 1 1 3 1 0 0 1 1 1 0 1 1 1 0 1 0 1 1 2 0 0 0 0 1 1 1 2 0 1 2 1 1 2 1 1 0 2 2 2 1 2 0 0 2 2 1 1 1 1 2 0 3 0 2 1 2 1 1 0 2 2 0 1 1 1 0 1 2 2 2 2 1 2 2 3 0 0 1 0 1 2 0 1 0 1 4 3 2 1 0 1 1 1 1 1 1 1 |
Corey Dickerson PIT .300 1 0 0 2 2 3 1 1 3 1 2 1 2 1 0 0 0 2 1 3 0 1 2 1 0 1 1 2 1 1 0 3 4 0 1 1 1 1 1 2 1 0 0 4 1 2 0 0 1 0 1 2 2 1 2 3 1 1 1 0 1 0 0 2 1 0 1 1 0 0 1 2 0 1 3 0 1 3 1 1 2 1 0 2 0 2 2 2 4 1 2 0 0 1 1 2 0 1 0 0 0 2 1 1 3 2 1 1 0 0 0 0 0 2 0 1 0 0 1 1 1 2 0 0 3 1 0 2 2 2 0 3 1 2 1 |
x 